0.739589
1.743497
2.672838
3.721755
4.676783
5.678026
6.619975
7.682394
8.678957
9.718366
10.691413
11.674665
12.729985
13.676515
14.683945
16.670042
17.751104
18.77437
20.601392
21.682853
22.67765
23.685888
24.73822
25.757172
26.714384
27.693929
28.172011
28.733537
29.720702
30.696718
31.228777
31.705333
32.755218
33.710915
34.713969
35.694718
36.761277
37.278555
37.753582
38.735932
39.268059
39.762186
40.726871
41.236638
41.730874
42.763985
43.238702
43.729379
44.232109
44.711198
45.212768
45.75482
46.226967
46.743554
47.253586
47.76274
48.239315
48.741374
49.258675
49.731188
50.210459
50.739432
51.760259
52.783135
53.284361
53.74504
54.221531
54.745171
56.772287
57.772287
58.172287
58.572286999999996
58.972286999999994
59.37228699999999
59.77228699999999
60.17228699999999
60.57228699999999
60.97228699999999
61.372286999999986
61.772286999999984
62.797995
63.277155
63.75423
64.260989
64.726655
65.696634
66.262772
66.744529
67.76561
68.761357
69.253929
69.74173
70.232343
70.776104
71.269473
71.752761
72.782428
73.265543
73.742281
74.725502
75.732643
76.752244
77.763438
78.752702
79.762825
80.284887
80.764864
81.272812
81.743613
81.930767
82.114748
82.301955
82.4771
82.623457
82.78788
83.695389
84.759746
85.758246
86.750034
87.739502
88.712441
89.262887
89.762364
90.756117
91.756117
92.15611700000001
92.55611700000001
92.95611700000002
93.35611700000003
94.711111
96.778938
98.742294
99.742294
100.142294
100.54229400000001
100.94229400000002
101.34229400000002
102.729508
103.259089
103.756978
104.253818
104.761042
105.26307
105.757854
106.27276
106.762046
107.275032
107.763681
108.282149
108.779446
109.145829
109.494175
109.775947
110.261845
110.73792
113.23741
113.761244
114.246299
114.759084
116.79273
118.662077
120.711223
122.733387
124.713057
126.816025
127.769107
128.73858
129.761879
130.737105
131.760075
132.728591
133.751414
134.757974
135.77644
136.264016
136.739373
137.246941
137.719174
138.254114
138.731839
139.238439
139.764099
140.25655
140.749372
141.247207
141.711922
142.223549
142.742271
144.745427
144.967978
145.224767
145.736034
145.993605
146.228442
146.766752
147.277822
147.747977
148.275875
148.74237
148.995404
149.256121
149.764591
150.020672
150.260143
150.772892
151.24799
151.730931
152.790888
153.273597
153.77217
154.284296
154.810942
155.247665
155.732781
156.250047
156.783224
157.272688
157.774078
158.280784
158.761168
159.260921
159.793207
160.259657
160.740898
161.245176
161.750328
162.204295
162.65115
163.075673
163.508619
163.952028
164.379513
164.827818
165.30986
165.801339
166.26553
166.702176
167.178321
167.638295
168.149973
168.622046
169.111259
169.57208
170.010213
170.462367
170.927888
171.38111
171.876369
172.321427
172.745299
173.180152
173.664961
174.144086
174.59536
175.072721
175.518329
176.506961
177.412606
178.285029
179.232323
180.149984
181.013726
181.968665
182.909054
183.840958
184.840958
185.240958
185.640958
186.04095800000002
186.44095800000002
186.84095800000003
187.24095800000003
187.64095800000004
188.04095800000005
188.44095800000005
188.84095800000006
189.24095800000006
189.64095800000007
190.04095800000007
191.175894
191.646443
192.092358
192.532257
193.032787
193.503986
193.96647
194.458893
194.93034
195.362289
195.815316
196.278124
196.728658
197.230747
197.696527
198.134251
198.587712
199.021063
199.520537
200.421342
200.916284
201.378386
201.814164
202.29722
202.744154
203.203618
203.674396
204.162603
204.604816
205.082609
205.563709
205.992756
206.426287
206.926328
207.135742
207.361167
207.579671
207.827745
208.494969
208.745084
209.230973
209.465931
209.707615
209.876553
210.034654
210.197327
210.288
210.407
210.539
211.564789
212.558727
213.52541
215.891561
217.04744
218.242817
219.533886
220.878596